0.0 km;1.72 km;1.62 km;2.86 km;0.39 km;3.43 km;3.81 km;1.39 km;3.43 km;3.27 km;3.67 km;4.39 km;3.47 km;3.82 km;4.71 km;5.23 km;5.39 km;8.09 km;8.78 km;9.72 km;10.18 km;8.27 km;8.95 km;9.16 km;9.45 km;10.65 km;4.52 km;6.27 km;7.2 km;6.67 km;5.85 km;6.29 km;8.7 km;7.13 km;8.3 km;4.88 km;4.99 km;4.4 km;6.25 km;6.3 km;6.57 km;6.21 km;3.54 km;9.11 km;9.47 km;9.58 km;8.92 km;9.72 km;10.84 km;10.71 km;10.98 km;10.49 km;9.86 km;8.85 km;7.33 km;8.53 km;9.23 km;11.18 km;13.02 km;12.87 km;13.75 km;14.93 km;15.03 km;9.1 km;8.49 km;7.07 km;8.36 km;8.56 km;8.68 km;9.0 km;7.77 km;6.67 km;4.42 km;4.23 km;3.6 km;4.08 km;2.91 km;3.12 km;3.05 km;1.89 km;4.36 km;
1.72 km;0.0 km;0.49 km;2.11 km;2.12 km;2.95 km;3.71 km;2.99 km;4.8 km;4.72 km;4.54 km;4.08 km;2.17 km;2.13 km;3.01 km;5.87 km;6.28 km;7.56 km;8.12 km;9.07 km;9.5 km;7.49 km;7.92 km;8.39 km;8.38 km;9.86 km;4.13 km;6.59 km;7.48 km;6.57 km;6.08 km;6.14 km;8.95 km;6.09 km;7.29 km;6.51 km;6.6 km;6.07 km;7.78 km;7.9 km;8.07 km;7.72 km;5.14 km;7.64 km;7.93 km;8.04 km;7.27 km;8.09 km;9.21 km;9.12 km;9.37 km;9.06 km;8.59 km;7.14 km;5.62 km;6.81 km;7.5 km;9.5 km;11.37 km;11.27 km;12.16 km;13.31 km;13.44 km;7.4 km;6.77 km;5.5 km;6.78 km;7.15 km;7.27 km;7.65 km;6.91 km;6.14 km;3.62 km;3.12 km;2.28 km;3.73 km;1.83 km;1.48 km;1.37 km;0.21 km;2.77 km;
1.62 km;0.49 km;0.0 km;1.68 km;2.01 km;2.5 km;3.23 km;2.75 km;4.91 km;4.8 km;4.8 km;4.54 km;2.64 km;2.45 km;3.11 km;6.19 km;6.55 km;7.15 km;7.73 km;8.69 km;9.12 km;7.13 km;7.63 km;8.03 km;8.1 km;9.51 km;3.68 km;6.1 km;6.99 km;6.1 km;5.59 km;5.67 km;8.46 km;5.79 km;6.99 km;6.23 km;6.3 km;5.82 km;7.45 km;7.61 km;7.72 km;7.38 km;4.86 km;7.53 km;7.86 km;7.98 km;7.3 km;8.09 km;9.22 km;9.09 km;9.36 km;8.93 km;8.38 km;7.27 km;5.88 km;7.02 km;7.67 km;9.57 km;11.4 km;11.25 km;12.13 km;13.31 km;13.41 km;7.48 km;6.95 km;5.87 km;7.15 km;7.57 km;7.69 km;8.08 km;7.4 km;6.62 km;4.11 km;3.6 km;2.75 km;4.19 km;2.31 km;1.86 km;1.46 km;0.46 km;2.73 km;
2.86 km;2.11 km;1.68 km;0.0 km;3.16 km;0.87 km;1.77 km;3.4 km;6.29 km;6.12 km;6.39 km;6.18 km;3.99 km;3.24 km;3.09 km;7.84 km;8.14 km;5.47 km;6.06 km;7.01 km;7.46 km;5.48 km;6.1 km;6.39 km;6.59 km;7.87 km;2.04 km;4.75 km;5.57 km;4.51 km;4.19 km;4.06 km;6.99 km;4.28 km;5.44 km;6.45 km;6.46 km;6.17 km;7.39 km;7.71 km;7.59 km;7.29 km;5.14 km;6.47 km;6.92 km;7.05 km;6.71 km;7.36 km;8.47 km;8.25 km;8.54 km;7.77 km;7.04 km;6.99 km;6.13 km;7.06 km;7.53 km;9.03 km;10.7 km;10.4 km;11.24 km;12.47 km;12.52 km;7.04 km;6.89 km;6.59 km;7.8 km;8.48 km;8.6 km;9.05 km;8.81 km;8.18 km;5.63 km;5.0 km;4.07 km;5.83 km;3.83 km;2.97 km;1.98 km;1.96 km;2.32 km;
0.39 km;2.12 km;2.01 km;3.16 km;0.0 km;3.68 km;3.97 km;1.1 km;3.14 km;2.96 km;3.53 km;4.52 km;3.8 km;4.2 km;5.1 km;5.13 km;5.21 km;8.29 km;9.0 km;9.93 km;10.39 km;8.51 km;9.24 km;9.4 km;9.75 km;10.89 km;4.72 km;6.3 km;7.22 km;6.79 km;5.91 km;6.42 km;8.73 km;7.43 km;8.59 km;4.54 km;4.66 km;4.04 km;5.93 km;5.95 km;6.26 km;5.9 km;3.21 km;9.47 km;9.84 km;9.96 km;9.31 km;10.1 km;11.22 km;11.09 km;11.36 km;10.84 km;10.19 km;9.25 km;7.72 km;8.92 km;9.62 km;11.57 km;13.41 km;13.25 km;14.12 km;15.31 km;15.41 km;9.49 km;8.88 km;7.42 km;8.71 km;8.88 km;9.0 km;9.31 km;7.98 km;6.82 km;4.65 km;4.52 km;3.93 km;4.22 km;3.22 km;3.5 km;3.44 km;2.29 km;4.74 km;
3.43 km;2.95 km;2.5 km;0.87 km;3.68 km;0.0 km;0.96 km;3.68 km;6.81 km;6.61 km;7.07 km;7.03 km;4.87 km;4.06 km;3.72 km;8.57 km;8.81 km;4.7 km;5.36 km;6.3 km;6.75 km;4.84 km;5.62 km;5.73 km;6.13 km;7.22 km;1.18 km;3.92 km;4.72 km;3.64 km;3.35 km;3.19 km;6.13 km;3.85 km;4.96 km;6.35 km;6.32 km;6.15 km;7.13 km;7.52 km;7.29 km;7.01 km;5.11 km;6.41 km;6.93 km;7.06 km;6.93 km;7.5 km;8.58 km;8.31 km;8.61 km;7.62 km;6.75 km;7.38 km;6.75 km;7.58 km;7.96 km;9.25 km;10.81 km;10.43 km;11.23 km;12.49 km;12.49 km;7.33 km;7.38 km;7.34 km;8.52 km;9.27 km;9.38 km;9.85 km;9.68 km;9.05 km;6.5 km;5.87 km;4.94 km;6.68 km;4.7 km;3.83 km;2.81 km;2.82 km;2.88 km;
3.81 km;3.71 km;3.23 km;1.77 km;3.97 km;0.96 km;0.0 km;3.7 km;7.03 km;6.79 km;7.48 km;7.75 km;5.73 km;5.0 km;4.68 km;9.04 km;9.19 km;4.34 km;5.09 km;6.0 km;6.47 km;4.71 km;5.72 km;5.56 km;6.25 km;7.03 km;0.88 km;2.97 km;3.81 km;2.91 km;2.42 km;2.5 km;5.25 km;4.09 km;5.06 km;5.88 km;5.81 km;5.76 km;6.48 km;6.94 km;6.6 km;6.35 km;4.74 km;6.95 km;7.52 km;7.66 km;7.69 km;8.19 km;9.24 km;8.93 km;9.24 km;8.05 km;7.05 km;8.22 km;7.69 km;8.49 km;8.84 km;9.99 km;11.45 km;11.01 km;11.77 km;13.06 km;13.02 km;8.13 km;8.28 km;8.31 km;9.48 km;10.23 km;10.34 km;10.81 km;10.55 km;9.84 km;7.32 km;6.73 km;5.82 km;7.4 km;5.51 km;4.73 km;3.75 km;3.61 km;3.82 km;
1.39 km;2.99 km;2.75 km;3.4 km;1.1 km;3.68 km;3.7 km;0.0 km;3.41 km;3.14 km;4.2 km;5.57 km;4.86 km;5.12 km;5.84 km;5.83 km;5.76 km;8.02 km;8.79 km;9.69 km;10.17 km;8.39 km;9.28 km;9.26 km;9.81 km;10.73 km;4.54 km;5.59 km;6.51 km;6.31 km;5.28 km;5.99 km;8.0 km;7.53 km;8.62 km;3.52 km;3.62 km;3.07 km;4.86 km;4.93 km;5.18 km;4.82 km;2.17 km;9.87 km;10.3 km;10.42 km;9.93 km;10.67 km;11.78 km;11.61 km;11.89 km;11.17 km;10.4 km;9.99 km;8.61 km;9.77 km;10.42 km;12.23 km;14.0 km;13.76 km;14.61 km;15.83 km;15.9 km;10.17 km;9.7 km;8.43 km;9.73 km;9.95 km;10.07 km;10.39 km;9.06 km;7.87 km;5.75 km;5.61 km;4.99 km;5.28 km;4.29 km;4.45 km;4.21 km;3.12 km;5.35 km;
3.43 km;4.8 km;4.91 km;6.29 km;3.14 km;6.81 km;7.03 km;3.41 km;0.0 km;0.35 km;1.57 km;4.34 km;5.44 km;6.45 km;7.71 km;2.91 km;2.5 km;11.37 km;12.11 km;13.03 km;13.49 km;11.64 km;12.38 km;12.53 km;12.88 km;14.01 km;7.82 km;8.95 km;9.86 km;9.72 km;8.67 km;9.39 km;11.32 km;10.56 km;11.72 km;4.82 km;5.05 km;4.21 km;6.39 km;6.02 km;6.79 km;6.44 km;4.11 km;12.43 km;12.73 km;12.83 km;11.99 km;12.85 km;13.96 km;13.9 km;14.14 km;13.84 km;13.27 km;11.68 km;9.79 km;11.09 km;11.92 km;14.14 km;16.08 km;16.03 km;16.94 km;18.06 km;18.21 km;12.05 km;11.15 km;8.97 km;10.19 km;9.9 km;10.01 km;10.16 km;7.91 km;6.34 km;5.23 km;5.64 km;5.55 km;4.24 km;4.8 km;5.74 km;6.14 km;5.01 km;7.56 km;
3.27 km;4.72 km;4.8 km;6.12 km;2.96 km;6.61 km;6.79 km;3.14 km;0.35 km;0.0 km;1.87 km;4.56 km;5.5 km;6.46 km;7.67 km;3.26 km;2.84 km;11.13 km;11.88 km;12.79 km;13.26 km;11.43 km;12.2 km;12.31 km;12.71 km;13.79 km;7.6 km;8.65 km;9.56 km;9.45 km;8.38 km;9.13 km;11.01 km;10.39 km;11.54 km;4.47 km;4.71 km;3.87 km;6.04 km;5.69 km;6.45 km;6.09 km;3.76 km;12.33 km;12.65 km;12.76 km;11.95 km;12.8 km;13.92 km;13.84 km;14.09 km;13.73 km;13.13 km;11.68 km;9.84 km;11.13 km;11.94 km;14.13 km;16.05 km;15.98 km;16.88 km;18.02 km;18.16 km;12.04 km;11.18 km;9.08 km;10.31 km;10.07 km;10.18 km;10.34 km;8.17 km;6.61 km;5.4 km;5.76 km;5.62 km;4.44 km;4.86 km;5.73 km;6.08 km;4.93 km;7.49 km;
3.67 km;4.54 km;4.8 km;6.39 km;3.53 km;7.07 km;7.48 km;4.2 km;1.57 km;1.87 km;0.0 km;2.89 km;4.54 km;5.76 km;7.16 km;1.63 km;1.75 km;11.75 km;12.42 km;13.36 km;13.82 km;11.87 km;12.43 km;12.77 km;12.9 km;14.26 km;8.18 km;9.77 km;10.7 km;10.32 km;9.41 km;9.95 km;12.19 km;10.59 km;11.79 km;6.29 km;6.51 km;5.68 km;7.87 km;7.55 km;8.26 km;7.9 km;5.42 km;12.08 km;12.3 km;12.39 km;11.37 km;12.28 km;13.37 km;13.37 km;13.59 km;13.53 km;13.12 km;10.9 km;8.84 km;10.17 km;11.05 km;13.41 km;15.41 km;15.46 km;16.38 km;17.45 km;17.64 km;11.35 km;10.27 km;7.83 km;8.98 km;8.56 km;8.66 km;8.76 km;6.38 km;4.78 km;3.93 km;4.5 km;4.63 km;2.86 km;3.96 km;5.1 km;5.75 km;4.75 km;7.19 km;
4.39 km;4.08 km;4.54 km;6.18 km;4.52 km;7.03 km;7.75 km;5.57 km;4.34 km;4.56 km;2.89 km;0.0 km;2.7 km;4.12 km;5.61 km;2.98 km;3.88 km;11.59 km;12.09 km;13.04 km;13.46 km;11.41 km;11.61 km;12.3 km;12.02 km;13.73 km;8.21 km;10.52 km;11.43 km;10.63 km;10.05 km;10.21 km;12.93 km;9.84 km;11.03 km;8.55 km;8.74 km;7.96 km;10.09 km;9.92 km;10.47 km;10.1 km;7.42 km;10.56 km;10.63 km;10.7 km;9.42 km;10.38 km;11.41 km;11.51 km;11.68 km;12.04 km;11.92 km;8.7 km;6.46 km;7.77 km;8.72 km;11.24 km;13.29 km;13.48 km;14.42 km;15.38 km;15.64 km;9.26 km;7.95 km;5.17 km;6.23 km;5.68 km;5.79 km;5.87 km;3.65 km;2.3 km;1.25 km;2.1 km;2.72 km;0.35 km;2.47 km;3.71 km;4.72 km;4.22 km;5.98 km;
3.47 km;2.17 km;2.64 km;3.99 km;3.8 km;4.87 km;5.73 km;4.86 km;5.44 km;5.5 km;4.54 km;2.7 km;0.0 km;1.42 km;2.91 km;5.35 km;6.06 km;9.15 km;9.58 km;10.52 km;10.91 km;8.85 km;8.96 km;9.74 km;9.35 km;11.14 km;6.0 km;8.68 km;9.54 km;8.49 km;8.15 km;8.04 km;10.98 km;7.21 km;8.4 km;8.34 km;8.46 km;7.83 km;9.72 km;9.76 km;10.04 km;9.68 km;7.01 km;7.89 km;8.0 km;8.07 km;6.9 km;7.84 km;8.9 km;8.95 km;9.15 km;9.37 km;9.22 km;6.36 km;4.35 km;5.66 km;6.52 km;8.89 km;10.89 km;10.99 km;11.92 km;12.95 km;13.17 km;6.83 km;5.75 km;3.67 km;4.95 km;5.09 km;5.21 km;5.54 km;4.82 km;4.29 km;1.75 km;1.0 km;0.13 km;2.39 km;0.65 km;1.1 km;2.19 km;2.19 km;3.31 km;
3.82 km;2.13 km;2.45 km;3.24 km;4.2 km;4.06 km;5.0 km;5.12 km;6.45 km;6.46 km;5.76 km;4.12 km;1.42 km;0.0 km;1.49 km;6.71 km;7.37 km;7.98 km;8.34 km;9.26 km;9.63 km;7.58 km;7.59 km;8.44 km;7.97 km;9.81 km;5.08 km;7.97 km;8.78 km;7.55 km;7.4 km;7.1 km;10.15 km;5.88 km;7.05 km;8.64 km;8.72 km;8.19 km;9.89 km;10.03 km;10.17 km;9.83 km;7.27 km;6.48 km;6.61 km;6.69 km;5.61 km;6.52 km;7.61 km;7.61 km;7.83 km;7.95 km;7.8 km;5.22 km;3.51 km;4.74 km;5.5 km;7.7 km;9.66 km;9.69 km;10.62 km;11.69 km;11.88 km;5.61 km;4.74 km;3.45 km;4.72 km;5.26 km;5.38 km;5.82 km;5.81 km;5.55 km;3.1 km;2.23 km;1.4 km;3.81 km;1.83 km;0.73 km;1.26 km;2.02 km;1.95 km;
4.71 km;3.01 km;3.11 km;3.09 km;5.1 km;3.72 km;4.68 km;5.84 km;7.71 km;7.67 km;7.16 km;5.61 km;2.91 km;1.49 km;0.0 km;8.18 km;8.81 km;6.9 km;7.15 km;8.05 km;8.39 km;6.35 km;6.21 km;7.18 km;6.56 km;8.49 km;4.5 km;7.53 km;8.24 km;6.82 km;6.94 km;6.38 km;9.51 km;4.58 km;5.7 km;9.25 km;9.3 km;8.88 km;10.36 km;10.6 km;10.59 km;10.27 km;7.89 km;4.99 km;5.15 km;5.23 km;4.28 km;5.15 km;6.26 km;6.22 km;6.45 km;6.47 km;6.32 km;4.15 km;3.04 km;4.01 km;4.58 km;6.49 km;8.38 km;8.33 km;9.25 km;10.36 km;10.52 km;4.4 km;3.89 km;3.75 km;4.84 km;5.75 km;5.86 km;6.37 km;6.97 km;6.92 km;4.55 km;3.65 km;2.89 km;5.3 km;3.3 km;2.07 km;1.66 km;2.82 km;0.88 km;
5.23 km;5.87 km;6.19 km;7.84 km;5.13 km;8.57 km;9.04 km;5.83 km;2.91 km;3.26 km;1.63 km;2.98 km;5.35 km;6.71 km;8.18 km;0.0 km;1.0 km;13.27 km;13.9 km;14.85 km;15.3 km;13.32 km;13.78 km;14.22 km;14.24 km;15.7 km;9.71 km;11.39 km;12.32 km;11.91 km;11.03 km;11.52 km;13.81 km;11.95 km;13.16 km;7.73 km;7.97 km;7.12 km;9.3 km;8.91 km;9.7 km;9.35 km;6.97 km;13.17 km;13.32 km;13.4 km;12.24 km;13.18 km;14.24 km;14.3 km;14.49 km;14.64 km;14.34 km;11.61 km;9.42 km;10.74 km;11.67 km;14.16 km;16.19 km;16.33 km;17.26 km;18.27 km;18.5 km;12.14 km;10.9 km;8.15 km;9.17 km;8.49 km;8.59 km;8.58 km;5.81 km;4.12 km;4.23 km;5.01 km;5.41 km;3.14 km;4.89 km;6.13 km;6.95 km;6.07 km;8.36 km;
5.39 km;6.28 km;6.55 km;8.14 km;5.21 km;8.81 km;9.19 km;5.76 km;2.5 km;2.84 km;1.75 km;3.88 km;6.06 km;7.37 km;8.81 km;1.0 km;0.0 km;13.48 km;14.16 km;15.1 km;15.56 km;13.62 km;14.18 km;14.52 km;14.65 km;16.01 km;9.91 km;11.35 km;12.27 km;11.99 km;11.03 km;11.63 km;13.75 km;12.35 km;13.54 km;7.21 km;7.46 km;6.62 km;8.75 km;8.3 km;9.16 km;8.81 km;6.6 km;13.77 km;13.96 km;14.04 km;12.96 km;13.88 km;14.96 km;14.98 km;15.19 km;15.22 km;14.85 km;12.39 km;10.25 km;11.57 km;12.49 km;14.93 km;16.95 km;17.05 km;17.98 km;19.01 km;19.23 km;12.89 km;11.71 km;9.05 km;10.1 km;9.47 km;9.56 km;9.57 km;6.8 km;5.11 km;5.1 km;5.83 km;6.14 km;3.99 km;5.54 km;6.74 km;7.46 km;6.49 km;8.9 km;
8.09 km;7.56 km;7.15 km;5.47 km;8.29 km;4.7 km;4.34 km;8.02 km;11.37 km;11.13 km;11.75 km;11.59 km;9.15 km;7.98 km;6.9 km;13.27 km;13.48 km;0.0 km;0.9 km;1.68 km;2.16 km;1.21 km;2.72 km;1.55 km;3.14 km;2.83 km;3.57 km;3.8 km;3.62 km;2.19 km;3.55 km;2.26 km;3.9 km;2.7 km;2.4 km;9.55 km;9.41 km;9.61 km;9.62 km;10.27 km;9.59 km;9.46 km;8.69 km;5.62 km;6.34 km;6.48 km;7.45 km;7.43 km;8.14 km;7.63 km;7.95 km;5.96 km;4.54 km;8.59 km;9.23 km;9.45 km;9.33 km;9.29 km;10.05 km;9.27 km;9.77 km;11.08 km;10.86 km;8.12 km;9.09 km;10.51 km;11.39 km;12.53 km;12.63 km;13.17 km;13.78 km;13.44 km;10.89 km;10.12 km;9.2 km;11.24 km;9.16 km;8.05 km;6.96 km;7.39 km;6.11 km;
8.78 km;8.12 km;7.73 km;6.06 km;9.0 km;5.36 km;5.09 km;8.79 km;12.11 km;11.88 km;12.42 km;12.09 km;9.58 km;8.34 km;7.15 km;13.9 km;14.16 km;0.9 km;0.0 km;0.95 km;1.4 km;0.84 km;2.1 km;0.68 km;2.43 km;1.96 km;4.29 km;4.69 km;4.47 km;3.08 km;4.44 km;3.14 km;4.59 km;2.66 km;1.98 km;10.43 km;10.29 km;10.48 km;10.52 km;11.16 km;10.48 km;10.36 km;9.54 km;5.19 km;5.9 km;6.04 km;7.17 km;7.03 km;7.65 km;7.12 km;7.43 km;5.33 km;3.89 km;8.39 km;9.25 km;9.34 km;9.13 km;8.85 km;9.46 km;8.63 km;9.08 km;10.37 km;10.13 km;7.85 km;8.96 km;10.64 km;11.44 km;12.65 km;12.74 km;13.29 km;14.1 km;13.86 km;11.33 km;10.53 km;9.62 km;11.75 km;9.64 km;8.48 km;7.4 km;7.94 km;6.41 km;
9.72 km;9.07 km;8.69 km;7.01 km;9.93 km;6.3 km;6.0 km;9.69 km;13.03 km;12.79 km;13.36 km;13.04 km;10.52 km;9.26 km;8.05 km;14.85 km;15.1 km;1.68 km;0.95 km;0.0 km;0.48 km;1.69 km;2.5 km;0.95 km;2.65 km;1.25 km;5.21 km;5.29 km;4.93 km;3.76 km;5.13 km;3.9 km;4.76 km;3.5 km;2.61 km;11.19 km;11.03 km;11.26 km;11.18 km;11.84 km;11.12 km;11.02 km;10.35 km;5.66 km;6.35 km;6.47 km;7.75 km;7.51 km;8.02 km;7.46 km;7.76 km;5.56 km;4.13 km;9.02 km;10.04 km;10.04 km;9.77 km;9.26 km;9.68 km;8.79 km;9.15 km;10.41 km;10.12 km;8.44 km;9.66 km;11.48 km;12.24 km;13.47 km;13.57 km;14.12 km;15.01 km;14.79 km;12.27 km;11.46 km;10.55 km;12.7 km;10.59 km;9.42 km;8.35 km;8.89 km;7.33 km;
10.18 km;9.5 km;9.12 km;7.46 km;10.39 km;6.75 km;6.47 km;10.17 km;13.49 km;13.26 km;13.82 km;13.46 km;10.91 km;9.63 km;8.39 km;15.3 km;15.56 km;2.16 km;1.4 km;0.48 km;0.0 km;2.06 km;2.61 km;1.21 km;2.67 km;0.86 km;5.67 km;5.75 km;5.35 km;4.23 km;5.6 km;4.38 km;5.1 km;3.81 km;2.83 km;11.66 km;11.51 km;11.74 km;11.64 km;12.31 km;11.57 km;11.48 km;10.83 km;5.73 km;6.4 km;6.52 km;7.87 km;7.57 km;8.02 km;7.45 km;7.74 km;5.51 km;4.1 km;9.17 km;10.28 km;10.23 km;9.92 km;9.28 km;9.59 km;8.68 km;8.99 km;10.23 km;9.92 km;8.57 km;9.84 km;11.76 km;12.48 km;13.75 km;13.84 km;14.39 km;15.35 km;15.18 km;12.66 km;11.84 km;10.94 km;13.11 km;10.99 km;9.82 km;8.75 km;9.32 km;7.69 km;
8.27 km;7.49 km;7.13 km;5.48 km;8.51 km;4.84 km;4.71 km;8.39 km;11.64 km;11.43 km;11.87 km;11.41 km;8.85 km;7.58 km;6.35 km;13.32 km;13.62 km;1.21 km;0.84 km;1.69 km;2.06 km;0.0 km;1.52 km;0.91 km;1.97 km;2.39 km;3.86 km;4.81 km;4.76 km;3.18 km;4.48 km;3.12 km;5.11 km;1.83 km;1.21 km;10.29 km;10.17 km;10.29 km;10.5 km;11.11 km;10.5 km;10.35 km;9.32 km;4.46 km;5.17 km;5.31 km;6.37 km;6.28 km;6.95 km;6.44 km;6.75 km;4.75 km;3.34 km;7.57 km;8.41 km;8.51 km;8.31 km;8.12 km;8.84 km;8.06 km;8.57 km;9.88 km;9.67 km;7.05 km;8.13 km;9.81 km;10.6 km;11.81 km;11.91 km;12.46 km;13.31 km;13.12 km;10.6 km;9.78 km;8.88 km;11.07 km;8.94 km;7.76 km;6.7 km;7.3 km;5.64 km;
8.95 km;7.92 km;7.63 km;6.1 km;9.24 km;5.62 km;5.72 km;9.28 km;12.38 km;12.2 km;12.43 km;11.61 km;8.96 km;7.59 km;6.21 km;13.78 km;14.18 km;2.72 km;2.1 km;2.5 km;2.61 km;1.52 km;0.0 km;1.59 km;0.53 km;2.4 km;4.84 km;6.28 km;6.27 km;4.66 km;5.9 km;4.54 km;6.62 km;1.83 km;0.66 km;11.5 km;11.4 km;11.44 km;11.83 km;12.41 km;11.85 km;11.68 km;10.44 km;3.16 km;3.85 km;3.98 km;5.26 km;5.01 km;5.56 km;5.03 km;5.33 km;3.25 km;1.82 km;6.56 km;7.76 km;7.64 km;7.3 km;6.79 km;7.36 km;6.56 km;7.05 km;8.35 km;8.15 km;5.96 km;7.24 km;9.32 km;9.96 km;11.27 km;11.36 km;11.92 km;13.12 km;13.12 km;10.68 km;9.82 km;8.97 km;11.28 km;9.15 km;7.91 km;6.91 km;7.72 km;5.65 km;
9.16 km;8.39 km;8.03 km;6.39 km;9.4 km;5.73 km;5.56 km;9.26 km;12.53 km;12.31 km;12.77 km;12.3 km;9.74 km;8.44 km;7.18 km;14.22 km;14.52 km;1.55 km;0.68 km;0.95 km;1.21 km;0.91 km;1.59 km;0.0 km;1.83 km;1.49 km;4.72 km;5.35 km;5.15 km;3.73 km;5.09 km;3.76 km;5.24 km;2.61 km;1.66 km;11.03 km;10.9 km;11.05 km;11.15 km;11.79 km;11.13 km;11.0 km;10.1 km;4.74 km;5.44 km;5.57 km;6.81 km;6.59 km;7.14 km;6.6 km;6.9 km;4.76 km;3.31 km;8.07 km;9.09 km;9.09 km;8.82 km;8.37 km;8.88 km;8.04 km;8.46 km;9.74 km;9.49 km;7.5 km;8.7 km;10.56 km;11.3 km;12.55 km;12.64 km;13.2 km;14.15 km;13.99 km;11.48 km;10.66 km;9.76 km;11.96 km;9.84 km;8.65 km;7.59 km;8.21 km;6.5 km;
9.45 km;8.38 km;8.1 km;6.59 km;9.75 km;6.13 km;6.25 km;9.81 km;12.88 km;12.71 km;12.9 km;12.02 km;9.35 km;7.97 km;6.56 km;14.24 km;14.65 km;3.14 km;2.43 km;2.65 km;2.67 km;1.97 km;0.53 km;1.83 km;0.0 km;2.28 km;5.37 km;6.77 km;6.73 km;5.14 km;6.4 km;5.05 km;7.0 km;2.32 km;1.19 km;12.03 km;11.93 km;11.97 km;12.35 km;12.93 km;12.37 km;12.2 km;10.97 km;3.08 km;3.74 km;3.85 km;5.25 km;4.91 km;5.36 km;4.81 km;5.1 km;2.93 km;1.48 km;6.6 km;7.94 km;7.73 km;7.33 km;6.62 km;7.06 km;6.21 km;6.66 km;7.95 km;7.72 km;5.95 km;7.32 km;9.55 km;10.13 km;11.47 km;11.55 km;12.12 km;13.42 km;13.48 km;11.06 km;10.19 km;9.36 km;11.7 km;9.57 km;8.32 km;7.34 km;8.18 km;6.05 km;
10.65 km;9.86 km;9.51 km;7.87 km;10.89 km;7.22 km;7.03 km;10.73 km;14.01 km;13.79 km;14.26 km;13.73 km;11.14 km;9.81 km;8.49 km;15.7 km;16.01 km;2.83 km;1.96 km;1.25 km;0.86 km;2.39 km;2.4 km;1.49 km;2.28 km;0.0 km;6.2 km;6.54 km;6.18 km;4.98 km;6.35 km;5.09 km;5.96 km;3.93 km;2.8 km;12.38 km;12.24 km;12.44 km;12.41 km;13.07 km;12.36 km;12.25 km;11.51 km;5.34 km;5.97 km;6.08 km;7.53 km;7.14 km;7.49 km;6.92 km;7.18 km;4.93 km;3.58 km;8.88 km;10.16 km;10.0 km;9.61 km;8.77 km;8.94 km;8.0 km;8.26 km;9.48 km;9.15 km;8.23 km;9.6 km;11.71 km;12.36 km;13.67 km;13.76 km;14.32 km;15.45 km;15.36 km;12.88 km;12.04 km;11.16 km;13.39 km;11.26 km;10.05 km;9.01 km;9.67 km;7.86 km;
4.52 km;4.13 km;3.68 km;2.04 km;4.72 km;1.18 km;0.88 km;4.54 km;7.82 km;7.6 km;8.18 km;8.21 km;6.0 km;5.08 km;4.5 km;9.71 km;9.91 km;3.57 km;4.29 km;5.21 km;5.67 km;3.86 km;4.84 km;4.72 km;5.37 km;6.2 km;0.0 km;3.04 km;3.75 km;2.49 km;2.45 km;2.04 km;5.07 km;3.23 km;4.19 km;6.73 km;6.65 km;6.63 km;7.26 km;7.76 km;7.36 km;7.13 km;5.61 km;6.18 km;6.78 km;6.92 km;7.08 km;7.51 km;8.53 km;8.19 km;8.51 km;7.23 km;6.19 km;7.73 km;7.43 km;8.11 km;8.37 km;9.34 km;10.73 km;10.25 km;10.99 km;12.28 km;12.23 km;7.57 km;7.87 km;8.22 km;9.34 km;10.19 km;10.31 km;10.8 km;10.79 km;10.22 km;7.66 km;7.0 km;6.07 km;7.86 km;5.87 km;4.94 km;3.88 km;3.99 km;3.62 km;
6.27 km;6.59 km;6.1 km;4.75 km;6.3 km;3.92 km;2.97 km;5.59 km;8.95 km;8.65 km;9.77 km;10.52 km;8.68 km;7.97 km;7.53 km;11.39 km;11.35 km;3.8 km;4.69 km;5.29 km;5.75 km;4.81 km;6.28 km;5.35 km;6.77 km;6.54 km;3.04 km;0.0 km;0.93 km;1.63 km;0.59 km;1.76 km;2.43 km;5.31 km;5.75 km;6.05 km;5.87 km;6.24 km;5.89 km;6.58 km;5.82 km;5.73 km;5.47 km;8.56 km;9.24 km;9.39 km;9.85 km;10.14 km;11.06 km;10.64 km;10.97 km;9.3 km;8.0 km;10.65 km;10.47 km;11.12 km;11.32 km;12.02 km;13.18 km;12.54 km;13.17 km;14.48 km;14.34 km;10.4 km;10.86 km;11.23 km;12.37 km;13.17 km;13.29 km;13.76 km;13.49 km;12.7 km;10.21 km;9.67 km;8.77 km;10.18 km;8.42 km;7.7 km;6.72 km;6.52 km;6.65 km;
7.2 km;7.48 km;6.99 km;5.57 km;7.22 km;4.72 km;3.81 km;6.51 km;9.86 km;9.56 km;10.7 km;11.43 km;9.54 km;8.78 km;8.24 km;12.32 km;12.27 km;3.62 km;4.47 km;4.93 km;5.35 km;4.76 km;6.27 km;5.15 km;6.73 km;6.18 km;3.75 km;0.93 km;0.0 km;1.72 km;1.4 km;2.04 km;1.5 km;5.56 km;5.82 km;6.76 km;6.56 km;6.99 km;6.43 km;7.15 km;6.31 km;6.27 km;6.29 km;8.81 km;9.5 km;9.65 km;10.26 km;10.47 km;11.34 km;10.89 km;11.21 km;9.41 km;8.06 km;11.14 km;11.12 km;11.7 km;11.84 km;12.36 km;13.39 km;12.7 km;13.28 km;14.59 km;14.41 km;10.84 km;11.41 km;11.97 km;13.08 km;13.94 km;14.05 km;14.53 km;14.36 km;13.6 km;11.1 km;10.54 km;9.63 km;11.09 km;9.3 km;8.54 km;7.54 km;7.39 km;7.35 km;
6.67 km;6.57 km;6.1 km;4.51 km;6.79 km;3.64 km;2.91 km;6.31 km;9.72 km;9.45 km;10.32 km;10.63 km;8.49 km;7.55 km;6.82 km;11.91 km;11.99 km;2.19 km;3.08 km;3.76 km;4.23 km;3.18 km;4.66 km;3.73 km;5.14 km;4.98 km;2.49 km;1.63 km;1.72 km;0.0 km;1.37 km;0.45 km;2.71 km;3.84 km;4.16 km;7.43 km;7.28 km;7.53 km;7.44 km;8.09 km;7.4 km;7.28 km;6.66 km;7.1 km;7.79 km;7.94 km;8.56 km;8.75 km;9.62 km;9.17 km;9.5 km;7.74 km;6.41 km;9.48 km;9.59 km;10.09 km;10.18 km;10.64 km;11.68 km;11.01 km;11.61 km;12.92 km;12.76 km;9.15 km;9.79 km;10.57 km;11.62 km;12.57 km;12.68 km;13.18 km;13.28 km;12.69 km;10.14 km;9.49 km;8.56 km;10.29 km;8.34 km;7.42 km;6.36 km;6.45 km;5.94 km;
5.85 km;6.08 km;5.59 km;4.19 km;5.91 km;3.35 km;2.42 km;5.28 km;8.67 km;8.38 km;9.41 km;10.05 km;8.15 km;7.4 km;6.94 km;11.03 km;11.03 km;3.55 km;4.44 km;5.13 km;5.6 km;4.48 km;5.9 km;5.09 km;6.4 km;6.35 km;2.45 km;0.59 km;1.4 km;1.37 km;0.0 km;1.36 km;2.88 km;4.82 km;5.34 km;6.08 km;5.92 km;6.21 km;6.07 km;6.72 km;6.04 km;5.92 km;5.37 km;8.06 km;8.73 km;8.88 km;9.3 km;9.6 km;10.54 km;10.14 km;10.46 km;8.85 km;7.59 km;10.07 km;9.88 km;10.54 km;10.74 km;11.48 km;12.68 km;12.07 km;12.71 km;14.03 km;13.9 km;9.84 km;10.27 km;10.64 km;11.78 km;12.6 km;12.71 km;13.19 km;12.96 km;12.2 km;9.7 km;9.14 km;8.23 km;9.71 km;7.9 km;7.15 km;6.16 km;5.99 km;6.06 km;
6.29 km;6.14 km;5.67 km;4.06 km;6.42 km;3.19 km;2.5 km;5.99 km;9.39 km;9.13 km;9.95 km;10.21 km;8.04 km;7.1 km;6.38 km;11.52 km;11.63 km;2.26 km;3.14 km;3.9 km;4.38 km;3.12 km;4.54 km;3.76 km;5.05 km;5.09 km;2.04 km;1.76 km;2.04 km;0.45 km;1.36 km;0.0 km;3.14 km;3.57 km;4.0 km;7.29 km;7.15 km;7.36 km;7.39 km;8.02 km;7.38 km;7.24 km;6.46 km;6.83 km;7.51 km;7.66 km;8.22 km;8.45 km;9.34 km;8.91 km;9.23 km;7.54 km;6.25 km;9.1 km;9.17 km;9.69 km;9.8 km;10.34 km;11.43 km;10.79 km;11.41 km;12.72 km;12.58 km;8.8 km;9.39 km;10.13 km;11.18 km;12.12 km;12.24 km;12.74 km;12.83 km;12.25 km;9.7 km;9.04 km;8.11 km;9.86 km;7.9 km;6.97 km;5.91 km;6.01 km;5.5 km;
8.7 km;8.95 km;8.46 km;6.99 km;8.73 km;6.13 km;5.25 km;8.0 km;11.32 km;11.01 km;12.19 km;12.93 km;10.98 km;10.15 km;9.51 km;13.81 km;13.75 km;3.9 km;4.59 km;4.76 km;5.1 km;5.11 km;6.62 km;5.24 km;7.0 km;5.96 km;5.07 km;2.43 km;1.5 km;2.71 km;2.88 km;3.14 km;0.0 km;6.31 km;6.29 km;7.96 km;7.75 km;8.26 km;7.42 km;8.17 km;7.23 km;7.25 km;7.63 km;9.46 km;10.17 km;10.32 km;11.12 km;11.21 km;11.99 km;11.5 km;11.82 km;9.86 km;8.43 km;12.11 km;12.3 km;12.78 km;12.83 km;13.09 km;13.94 km;13.17 km;13.66 km;14.95 km;14.72 km;11.74 km;12.47 km;13.26 km;14.32 km;15.25 km;15.36 km;15.86 km;15.8 km;15.08 km;12.57 km;11.98 km;11.07 km;12.59 km;10.76 km;9.96 km;8.93 km;8.85 km;8.63 km;
7.13 km;6.09 km;5.79 km;4.28 km;7.43 km;3.85 km;4.09 km;7.53 km;10.56 km;10.39 km;10.59 km;9.84 km;7.21 km;5.88 km;4.58 km;11.95 km;12.35 km;2.7 km;2.66 km;3.5 km;3.81 km;1.83 km;1.83 km;2.61 km;2.32 km;3.93 km;3.23 km;5.31 km;5.56 km;3.84 km;4.82 km;3.57 km;6.31 km;0.0 km;1.21 km;9.95 km;9.88 km;9.84 km;10.44 km;10.96 km;10.5 km;10.3 km;8.82 km;3.26 km;3.95 km;4.09 km;4.82 km;4.92 km;5.78 km;5.34 km;5.66 km;4.07 km;2.97 km;5.9 km;6.6 km;6.75 km;6.64 km;6.81 km;7.86 km;7.25 km;7.91 km;9.22 km;9.12 km;5.47 km;6.39 km;7.98 km;8.78 km;9.99 km;10.08 km;10.64 km;11.55 km;11.43 km;8.95 km;8.11 km;7.23 km;9.5 km;7.37 km;6.14 km;5.12 km;5.89 km;3.93 km;
8.3 km;7.29 km;6.99 km;5.44 km;8.59 km;4.96 km;5.06 km;8.62 km;11.72 km;11.54 km;11.79 km;11.03 km;8.4 km;7.05 km;5.7 km;13.16 km;13.54 km;2.4 km;1.98 km;2.61 km;2.83 km;1.21 km;0.66 km;1.66 km;1.19 km;2.8 km;4.19 km;5.75 km;5.82 km;4.16 km;5.34 km;4.0 km;6.29 km;1.21 km;0.0 km;10.86 km;10.77 km;10.8 km;11.22 km;11.79 km;11.26 km;11.08 km;9.79 km;3.24 km;3.96 km;4.09 km;5.2 km;5.07 km;5.74 km;5.23 km;5.55 km;3.6 km;2.25 km;6.43 km;7.45 km;7.43 km;7.18 km;6.91 km;7.65 km;6.91 km;7.46 km;8.77 km;8.6 km;5.88 km;7.05 km;8.95 km;9.65 km;10.92 km;11.01 km;11.57 km;12.65 km;12.59 km;10.13 km;9.27 km;8.41 km;10.7 km;8.57 km;7.33 km;6.32 km;7.09 km;5.1 km;
4.88 km;6.51 km;6.23 km;6.45 km;4.54 km;6.35 km;5.88 km;3.52 km;4.82 km;4.47 km;6.29 km;8.55 km;8.34 km;8.64 km;9.25 km;7.73 km;7.21 km;9.55 km;10.43 km;11.19 km;11.66 km;10.29 km;11.5 km;11.03 km;12.03 km;12.38 km;6.73 km;6.05 km;6.76 km;7.43 km;6.08 km;7.29 km;7.96 km;9.95 km;10.86 km;0.0 km;0.26 km;0.61 km;1.58 km;1.42 km;1.98 km;1.62 km;1.37 km;12.76 km;13.28 km;13.41 km;13.16 km;13.8 km;14.9 km;14.65 km;14.95 km;13.92 km;12.92 km;13.36 km;12.11 km;13.23 km;13.83 km;15.48 km;17.13 km;16.78 km;17.58 km;18.85 km;18.84 km;13.47 km;13.14 km;11.95 km;13.24 km;13.4 km;13.53 km;13.81 km;12.19 km;10.79 km;9.0 km;9.01 km;8.47 km;8.32 km;7.74 km;7.97 km;7.66 km;6.63 km;8.67 km;
4.99 km;6.6 km;6.3 km;6.46 km;4.66 km;6.32 km;5.81 km;3.62 km;5.05 km;4.71 km;6.51 km;8.74 km;8.46 km;8.72 km;9.3 km;7.97 km;7.46 km;9.41 km;10.29 km;11.03 km;11.51 km;10.17 km;11.4 km;10.9 km;11.93 km;12.24 km;6.65 km;5.87 km;6.56 km;7.28 km;5.92 km;7.15 km;7.75 km;9.88 km;10.77 km;0.26 km;0.0 km;0.84 km;1.36 km;1.31 km;1.75 km;1.39 km;1.46 km;12.72 km;13.25 km;13.38 km;13.16 km;13.79 km;14.88 km;14.63 km;14.93 km;13.86 km;12.84 km;13.39 km;12.18 km;13.29 km;13.88 km;15.48 km;17.11 km;16.75 km;17.54 km;18.81 km;18.8 km;13.48 km;13.19 km;12.05 km;13.35 km;13.54 km;13.66 km;13.95 km;12.37 km;10.99 km;9.17 km;9.15 km;8.59 km;8.51 km;7.87 km;8.06 km;7.72 km;6.71 km;8.69 km;
4.4 km;6.07 km;5.82 km;6.17 km;4.04 km;6.15 km;5.76 km;3.07 km;4.21 km;3.87 km;5.68 km;7.96 km;7.83 km;8.19 km;8.88 km;7.12 km;6.62 km;9.61 km;10.48 km;11.26 km;11.74 km;10.29 km;11.44 km;11.05 km;11.97 km;12.44 km;6.63 km;6.24 km;6.99 km;7.53 km;6.21 km;7.36 km;8.26 km;9.84 km;10.8 km;0.61 km;0.84 km;0.0 km;2.19 km;1.97 km;2.59 km;2.23 km;1.04 km;12.56 km;13.05 km;13.19 km;12.86 km;13.54 km;14.64 km;14.41 km;14.71 km;13.76 km;12.8 km;13.01 km;11.68 km;12.83 km;13.46 km;15.18 km;16.87 km;16.55 km;17.37 km;18.62 km;18.64 km;13.15 km;12.76 km;11.46 km;12.75 km;12.88 km;13.0 km;13.28 km;11.6 km;10.2 km;8.44 km;8.48 km;7.96 km;7.74 km;7.22 km;7.51 km;7.26 km;6.2 km;8.33 km;
6.25 km;7.78 km;7.45 km;7.39 km;5.93 km;7.13 km;6.48 km;4.86 km;6.39 km;6.04 km;7.87 km;10.09 km;9.72 km;9.89 km;10.36 km;9.3 km;8.75 km;9.62 km;10.52 km;11.18 km;11.64 km;10.5 km;11.83 km;11.15 km;12.35 km;12.41 km;7.26 km;5.89 km;6.43 km;7.44 km;6.07 km;7.39 km;7.42 km;10.44 km;11.22 km;1.58 km;1.36 km;2.19 km;0.0 km;0.76 km;0.41 km;0.17 km;2.73 km;13.43 km;14.0 km;14.14 km;14.05 km;14.62 km;15.69 km;15.4 km;15.71 km;14.49 km;13.38 km;14.38 km;13.3 km;14.36 km;14.9 km;16.37 km;17.92 km;17.49 km;18.24 km;19.54 km;19.49 km;14.42 km;14.24 km;13.27 km;14.56 km;14.81 km;14.93 km;15.24 km;13.72 km;12.35 km;10.5 km;10.45 km;9.85 km;9.86 km;9.15 km;9.26 km;8.83 km;7.88 km;9.69 km;
6.3 km;7.9 km;7.61 km;7.71 km;5.95 km;7.52 km;6.94 km;4.93 km;6.02 km;5.69 km;7.55 km;9.92 km;9.76 km;10.03 km;10.6 km;8.91 km;8.3 km;10.27 km;11.16 km;11.84 km;12.31 km;11.11 km;12.41 km;11.79 km;12.93 km;13.07 km;7.76 km;6.58 km;7.15 km;8.09 km;6.72 km;8.02 km;8.17 km;10.96 km;11.79 km;1.42 km;1.31 km;1.97 km;0.76 km;0.0 km;1.07 km;0.92 km;2.76 km;13.89 km;14.44 km;14.57 km;14.41 km;15.02 km;16.1 km;15.83 km;16.13 km;14.99 km;13.92 km;14.68 km;13.49 km;14.59 km;15.17 km;16.73 km;18.33 km;17.94 km;18.71 km;19.99 km;19.96 km;14.75 km;14.49 km;13.36 km;14.65 km;14.82 km;14.95 km;15.23 km;13.57 km;12.14 km;10.41 km;10.43 km;9.88 km;9.7 km;9.16 km;9.37 km;9.03 km;8.02 km;9.97 km;
6.57 km;8.07 km;7.72 km;7.59 km;6.26 km;7.29 km;6.6 km;5.18 km;6.79 km;6.45 km;8.26 km;10.47 km;10.04 km;10.17 km;10.59 km;9.7 km;9.16 km;9.59 km;10.48 km;11.12 km;11.57 km;10.5 km;11.85 km;11.13 km;12.37 km;12.36 km;7.36 km;5.82 km;6.31 km;7.4 km;6.04 km;7.38 km;7.23 km;10.5 km;11.26 km;1.98 km;1.75 km;2.59 km;0.41 km;1.07 km;0.0 km;0.37 km;3.08 km;13.54 km;14.12 km;14.26 km;14.22 km;14.77 km;15.83 km;15.53 km;15.84 km;14.57 km;13.43 km;14.59 km;13.55 km;14.6 km;15.12 km;16.54 km;18.05 km;17.6 km;18.35 km;19.64 km;19.59 km;14.6 km;14.46 km;13.57 km;14.85 km;15.13 km;15.25 km;15.57 km;14.09 km;12.73 km;10.85 km;10.78 km;10.17 km;10.23 km;9.48 km;9.55 km;9.09 km;8.16 km;9.9 km;
6.21 km;7.72 km;7.38 km;7.29 km;5.9 km;7.01 km;6.35 km;4.82 km;6.44 km;6.09 km;7.9 km;10.1 km;9.68 km;9.83 km;10.27 km;9.35 km;8.81 km;9.46 km;10.36 km;11.02 km;11.48 km;10.35 km;11.68 km;11.0 km;12.2 km;12.25 km;7.13 km;5.73 km;6.27 km;7.28 km;5.92 km;7.24 km;7.25 km;10.3 km;11.08 km;1.62 km;1.39 km;2.23 km;0.17 km;0.92 km;0.37 km;0.0 km;2.71 km;13.3 km;13.87 km;14.01 km;13.94 km;14.51 km;15.57 km;15.28 km;15.59 km;14.35 km;13.24 km;14.28 km;13.22 km;14.28 km;14.81 km;16.26 km;17.8 km;17.36 km;18.11 km;19.41 km;19.36 km;14.31 km;14.15 km;13.22 km;14.51 km;14.77 km;14.89 km;15.21 km;13.72 km;12.36 km;10.48 km;10.42 km;9.81 km;9.86 km;9.12 km;9.2 km;8.76 km;7.81 km;9.6 km;
3.54 km;5.14 km;4.86 km;5.14 km;3.21 km;5.11 km;4.74 km;2.17 km;4.11 km;3.76 km;5.42 km;7.42 km;7.01 km;7.27 km;7.89 km;6.97 km;6.6 km;8.69 km;9.54 km;10.35 km;10.83 km;9.32 km;10.44 km;10.1 km;10.97 km;11.51 km;5.61 km;5.47 km;6.29 km;6.66 km;5.37 km;6.46 km;7.63 km;8.82 km;9.79 km;1.37 km;1.46 km;1.04 km;2.73 km;2.76 km;3.08 km;2.71 km;0.0 km;11.51 km;12.01 km;12.14 km;11.83 km;12.5 km;13.6 km;13.37 km;13.67 km;12.72 km;11.78 km;12.01 km;10.74 km;11.86 km;12.47 km;14.15 km;15.83 km;15.51 km;16.32 km;17.58 km;17.6 km;12.13 km;11.77 km;10.6 km;11.89 km;12.09 km;12.21 km;12.52 km;11.02 km;9.7 km;7.77 km;7.72 km;7.14 km;7.17 km;6.43 km;6.61 km;6.29 km;5.26 km;7.31 km;
9.11 km;7.64 km;7.53 km;6.47 km;9.47 km;6.41 km;6.95 km;9.87 km;12.43 km;12.33 km;12.08 km;10.56 km;7.89 km;6.48 km;4.99 km;13.17 km;13.77 km;5.62 km;5.19 km;5.66 km;5.73 km;4.46 km;3.16 km;4.74 km;3.08 km;5.34 km;6.18 km;8.56 km;8.81 km;7.1 km;8.06 km;6.83 km;9.46 km;3.26 km;3.24 km;12.76 km;12.72 km;12.56 km;13.43 km;13.89 km;13.54 km;13.3 km;11.51 km;0.0 km;0.72 km;0.86 km;2.22 km;1.85 km;2.53 km;2.08 km;2.4 km;1.48 km;1.89 km;3.61 km;5.32 km;4.84 km;4.32 km;3.67 km;4.61 km;4.07 km;4.82 km;6.11 km;6.09 km;2.91 km;4.42 km;7.07 km;7.42 km;8.85 km;8.91 km;9.48 km;11.23 km;11.6 km;9.44 km;8.53 km;7.85 km;10.28 km;8.29 km;7.04 km;6.34 km;7.43 km;4.89 km;
9.47 km;7.93 km;7.86 km;6.92 km;9.84 km;6.93 km;7.52 km;10.3 km;12.73 km;12.65 km;12.3 km;10.63 km;8.0 km;6.61 km;5.15 km;13.32 km;13.96 km;6.34 km;5.9 km;6.35 km;6.4 km;5.17 km;3.85 km;5.44 km;3.74 km;5.97 km;6.78 km;9.24 km;9.5 km;7.79 km;8.73 km;7.51 km;10.17 km;3.95 km;3.96 km;13.28 km;13.25 km;13.05 km;14.0 km;14.44 km;14.12 km;13.87 km;12.01 km;0.72 km;0.0 km;0.15 km;1.73 km;1.17 km;1.83 km;1.42 km;1.74 km;1.58 km;2.44 km;3.13 km;5.06 km;4.42 km;3.8 km;2.95 km;3.96 km;3.51 km;4.32 km;5.57 km;5.6 km;2.39 km;4.0 km;6.84 km;7.07 km;8.52 km;8.58 km;9.14 km;11.06 km;11.53 km;9.47 km;8.57 km;7.95 km;10.36 km;8.44 km;7.21 km;6.6 km;7.72 km;5.16 km;
9.58 km;8.04 km;7.98 km;7.05 km;9.96 km;7.06 km;7.66 km;10.42 km;12.83 km;12.76 km;12.39 km;10.7 km;8.07 km;6.69 km;5.23 km;13.4 km;14.04 km;6.48 km;6.04 km;6.47 km;6.52 km;5.31 km;3.98 km;5.57 km;3.85 km;6.08 km;6.92 km;9.39 km;9.65 km;7.94 km;8.88 km;7.66 km;10.32 km;4.09 km;4.09 km;13.41 km;13.38 km;13.19 km;14.14 km;14.57 km;14.26 km;14.01 km;12.14 km;0.86 km;0.15 km;0.0 km;1.7 km;1.06 km;1.68 km;1.27 km;1.59 km;1.59 km;2.53 km;3.09 km;5.06 km;4.39 km;3.74 km;2.81 km;3.82 km;3.37 km;4.19 km;5.44 km;5.47 km;2.33 km;3.97 km;6.85 km;7.05 km;8.51 km;8.56 km;9.12 km;11.08 km;11.57 km;9.53 km;8.63 km;8.02 km;10.43 km;8.52 km;7.3 km;6.7 km;7.83 km;5.27 km;
8.92 km;7.27 km;7.3 km;6.71 km;9.31 km;6.93 km;7.69 km;9.93 km;11.99 km;11.95 km;11.37 km;9.42 km;6.9 km;5.61 km;4.28 km;12.24 km;12.96 km;7.45 km;7.17 km;7.75 km;7.87 km;6.37 km;5.26 km;6.81 km;5.25 km;7.53 km;7.08 km;9.85 km;10.26 km;8.56 km;9.3 km;8.22 km;11.12 km;4.82 km;5.2 km;13.16 km;13.16 km;12.86 km;14.05 km;14.41 km;14.22 km;13.94 km;11.83 km;2.22 km;1.73 km;1.7 km;0.0 km;0.97 km;2.0 km;2.09 km;2.26 km;3.29 km;4.1 km;1.4 km;3.43 km;2.69 km;2.1 km;2.32 km;4.1 km;4.09 km;5.02 km;6.09 km;6.27 km;0.7 km;2.28 km;5.23 km;5.36 km;6.82 km;6.88 km;7.43 km;9.49 km;10.09 km;8.21 km;7.33 km;6.83 km;9.18 km;7.42 km;6.29 km;5.9 km;7.07 km;4.59 km;
9.72 km;8.09 km;8.09 km;7.36 km;10.1 km;7.5 km;8.19 km;10.67 km;12.85 km;12.8 km;12.28 km;10.38 km;7.84 km;6.52 km;5.15 km;13.18 km;13.88 km;7.43 km;7.03 km;7.51 km;7.57 km;6.28 km;5.01 km;6.59 km;4.91 km;7.14 km;7.51 km;10.14 km;10.47 km;8.75 km;9.6 km;8.45 km;11.21 km;4.92 km;5.07 km;13.8 km;13.79 km;13.54 km;14.62 km;15.02 km;14.77 km;14.51 km;12.5 km;1.85 km;1.17 km;1.06 km;0.97 km;0.0 km;1.12 km;1.13 km;1.31 km;2.54 km;3.59 km;2.19 km;4.38 km;3.52 km;2.77 km;1.89 km;3.33 km;3.19 km;4.1 km;5.22 km;5.37 km;1.42 km;3.12 km;6.17 km;6.23 km;7.7 km;7.75 km;8.29 km;10.44 km;11.06 km;9.17 km;8.29 km;7.77 km;10.13 km;8.34 km;7.18 km;6.73 km;7.89 km;5.36 km;
10.84 km;9.21 km;9.22 km;8.47 km;11.22 km;8.58 km;9.24 km;11.78 km;13.96 km;13.92 km;13.37 km;11.41 km;8.9 km;7.61 km;6.26 km;14.24 km;14.96 km;8.14 km;7.65 km;8.02 km;8.02 km;6.95 km;5.56 km;7.14 km;5.36 km;7.49 km;8.53 km;11.06 km;11.34 km;9.62 km;10.54 km;9.34 km;11.99 km;5.78 km;5.74 km;14.9 km;14.88 km;14.64 km;15.69 km;16.1 km;15.83 km;15.57 km;13.6 km;2.53 km;1.83 km;1.68 km;2.0 km;1.12 km;0.0 km;0.58 km;0.41 km;2.59 km;3.92 km;2.91 km;5.22 km;4.19 km;3.3 km;1.3 km;2.23 km;2.09 km;3.02 km;4.1 km;4.27 km;2.2 km;3.83 km;6.98 km;6.87 km;8.35 km;8.38 km;8.91 km;11.26 km;11.97 km;10.18 km;9.31 km;8.83 km;11.17 km;9.42 km;8.28 km;7.85 km;9.01 km;6.48 km;
10.71 km;9.12 km;9.09 km;8.25 km;11.09 km;8.31 km;8.93 km;11.61 km;13.9 km;13.84 km;13.37 km;11.51 km;8.95 km;7.61 km;6.22 km;14.3 km;14.98 km;7.63 km;7.12 km;7.46 km;7.45 km;6.44 km;5.03 km;6.6 km;4.81 km;6.92 km;8.19 km;10.64 km;10.89 km;9.17 km;10.14 km;8.91 km;11.5 km;5.34 km;5.23 km;14.65 km;14.63 km;14.41 km;15.4 km;15.83 km;15.53 km;15.28 km;13.37 km;2.08 km;1.42 km;1.27 km;2.09 km;1.13 km;0.58 km;0.0 km;0.32 km;2.01 km;3.36 km;3.21 km;5.47 km;4.53 km;3.68 km;1.88 km;2.55 km;2.16 km;3.04 km;4.23 km;4.32 km;2.45 km;4.14 km;7.25 km;7.23 km;8.71 km;8.75 km;9.29 km;11.53 km;12.18 km;10.3 km;9.41 km;8.89 km;11.26 km;9.44 km;8.27 km;7.76 km;8.91 km;6.36 km;
10.98 km;9.37 km;9.36 km;8.54 km;11.36 km;8.61 km;9.24 km;11.89 km;14.14 km;14.09 km;13.59 km;11.68 km;9.15 km;7.83 km;6.45 km;14.49 km;15.19 km;7.95 km;7.43 km;7.76 km;7.74 km;6.75 km;5.33 km;6.9 km;5.1 km;7.18 km;8.51 km;10.97 km;11.21 km;9.5 km;10.46 km;9.23 km;11.82 km;5.66 km;5.55 km;14.95 km;14.93 km;14.71 km;15.71 km;16.13 km;15.84 km;15.59 km;13.67 km;2.4 km;1.74 km;1.59 km;2.26 km;1.31 km;0.41 km;0.32 km;0.0 km;2.26 km;3.64 km;3.27 km;5.56 km;4.56 km;3.69 km;1.67 km;2.22 km;1.89 km;2.8 km;3.95 km;4.07 km;2.53 km;4.2 km;7.33 km;7.26 km;8.73 km;8.77 km;9.3 km;11.61 km;12.3 km;10.46 km;9.58 km;9.08 km;11.44 km;9.65 km;8.49 km;8.01 km;9.17 km;6.63 km;
10.49 km;9.06 km;8.93 km;7.77 km;10.84 km;7.62 km;8.05 km;11.17 km;13.84 km;13.73 km;13.53 km;12.04 km;9.37 km;7.95 km;6.47 km;14.64 km;15.22 km;5.96 km;5.33 km;5.56 km;5.51 km;4.75 km;3.25 km;4.76 km;2.93 km;4.93 km;7.23 km;9.3 km;9.41 km;7.74 km;8.85 km;7.54 km;9.86 km;4.07 km;3.6 km;13.92 km;13.86 km;13.76 km;14.49 km;14.99 km;14.57 km;14.35 km;12.72 km;1.48 km;1.58 km;1.59 km;3.29 km;2.54 km;2.59 km;2.01 km;2.26 km;0.0 km;1.45 km;4.67 km;6.63 km;5.98 km;5.3 km;3.89 km;4.13 km;3.31 km;3.87 km;5.18 km;5.05 km;3.91 km;5.57 km;8.41 km;8.65 km;10.1 km;10.16 km;10.72 km;12.62 km;13.04 km;10.91 km;10.0 km;9.33 km;11.75 km;9.76 km;8.51 km;7.78 km;8.85 km;6.33 km;
9.86 km;8.59 km;8.38 km;7.04 km;10.19 km;6.75 km;7.05 km;10.4 km;13.27 km;13.13 km;13.12 km;11.92 km;9.22 km;7.8 km;6.32 km;14.34 km;14.85 km;4.54 km;3.89 km;4.13 km;4.1 km;3.34 km;1.82 km;3.31 km;1.48 km;3.58 km;6.19 km;8.0 km;8.06 km;6.41 km;7.59 km;6.25 km;8.43 km;2.97 km;2.25 km;12.92 km;12.84 km;12.8 km;13.38 km;13.92 km;13.43 km;13.24 km;11.78 km;1.89 km;2.44 km;2.53 km;4.1 km;3.59 km;3.92 km;3.36 km;3.64 km;1.45 km;0.0 km;5.5 km;7.14 km;6.72 km;6.2 km;5.2 km;5.57 km;4.74 km;5.23 km;6.54 km;6.35 km;4.79 km;6.31 km;8.85 km;9.27 km;10.68 km;10.75 km;11.31 km;12.92 km;13.15 km;10.86 km;9.96 km;9.2 km;11.61 km;9.53 km;8.26 km;7.4 km;8.37 km;5.99 km;
8.85 km;7.14 km;7.27 km;6.99 km;9.25 km;7.38 km;8.22 km;9.99 km;11.68 km;11.68 km;10.9 km;8.7 km;6.36 km;5.22 km;4.15 km;11.61 km;12.39 km;8.59 km;8.39 km;9.02 km;9.17 km;7.57 km;6.56 km;8.07 km;6.6 km;8.88 km;7.73 km;10.65 km;11.14 km;9.48 km;10.07 km;9.1 km;12.11 km;5.9 km;6.43 km;13.36 km;13.39 km;13.01 km;14.38 km;14.68 km;14.59 km;14.28 km;12.01 km;3.61 km;3.13 km;3.09 km;1.4 km;2.19 km;2.91 km;3.21 km;3.27 km;4.67 km;5.5 km;0.0 km;2.34 km;1.33 km;0.75 km;2.54 km;4.59 km;4.88 km;5.81 km;6.69 km;6.98 km;0.78 km;0.94 km;4.08 km;4.04 km;5.51 km;5.56 km;6.1 km;8.35 km;9.1 km;7.45 km;6.61 km;6.27 km;8.49 km;6.94 km;5.95 km;5.81 km;6.96 km;4.7 km;
7.33 km;5.62 km;5.88 km;6.13 km;7.72 km;6.75 km;7.69 km;8.61 km;9.79 km;9.84 km;8.84 km;6.46 km;4.35 km;3.51 km;3.04 km;9.42 km;10.25 km;9.23 km;9.25 km;10.04 km;10.28 km;8.41 km;7.76 km;9.09 km;7.94 km;10.16 km;7.43 km;10.47 km;11.12 km;9.59 km;9.88 km;9.17 km;12.3 km;6.6 km;7.45 km;12.11 km;12.18 km;11.68 km;13.3 km;13.49 km;13.55 km;13.22 km;10.74 km;5.32 km;5.06 km;5.06 km;3.43 km;4.38 km;5.22 km;5.47 km;5.56 km;6.63 km;7.14 km;2.34 km;0.0 km;1.32 km;2.26 km;4.83 km;6.89 km;7.21 km;8.14 km;9.0 km;9.3 km;3.03 km;1.5 km;1.8 km;2.2 km;3.55 km;3.62 km;4.19 km;6.07 km;6.76 km;5.21 km;4.42 km;4.24 km;6.28 km;4.98 km;4.23 km;4.47 km;5.49 km;3.87 km;
8.53 km;6.81 km;7.02 km;7.06 km;8.92 km;7.58 km;8.49 km;9.77 km;11.09 km;11.13 km;10.17 km;7.77 km;5.66 km;4.74 km;4.01 km;10.74 km;11.57 km;9.45 km;9.34 km;10.04 km;10.23 km;8.51 km;7.64 km;9.09 km;7.73 km;10.0 km;8.11 km;11.12 km;11.7 km;10.09 km;10.54 km;9.69 km;12.78 km;6.75 km;7.43 km;13.23 km;13.29 km;12.83 km;14.36 km;14.59 km;14.6 km;14.28 km;11.86 km;4.84 km;4.42 km;4.39 km;2.69 km;3.52 km;4.19 km;4.53 km;4.56 km;5.98 km;6.72 km;1.33 km;1.32 km;0.0 km;0.98 km;3.61 km;5.66 km;6.07 km;6.99 km;7.77 km;8.11 km;2.11 km;0.42 km;2.87 km;2.71 km;4.18 km;4.23 km;4.77 km;7.1 km;7.95 km;6.52 km;5.74 km;5.56 km;7.6 km;6.29 km;5.47 km;5.57 km;6.65 km;4.74 km;
9.23 km;7.5 km;7.67 km;7.53 km;9.62 km;7.96 km;8.84 km;10.42 km;11.92 km;11.94 km;11.05 km;8.72 km;6.52 km;5.5 km;4.58 km;11.67 km;12.49 km;9.33 km;9.13 km;9.77 km;9.92 km;8.31 km;7.3 km;8.82 km;7.33 km;9.61 km;8.37 km;11.32 km;11.84 km;10.18 km;10.74 km;9.8 km;12.83 km;6.64 km;7.18 km;13.83 km;13.88 km;13.46 km;14.9 km;15.17 km;15.12 km;14.81 km;12.47 km;4.32 km;3.8 km;3.74 km;2.1 km;2.77 km;3.3 km;3.68 km;3.69 km;5.3 km;6.2 km;0.75 km;2.26 km;0.98 km;0.0 km;2.64 km;4.68 km;5.12 km;6.03 km;6.79 km;7.13 km;1.41 km;0.78 km;3.84 km;3.58 km;5.06 km;5.09 km;5.62 km;8.06 km;8.93 km;7.46 km;6.66 km;6.43 km;8.53 km;7.14 km;6.23 km;6.21 km;7.34 km;5.21 km;
11.18 km;9.5 km;9.57 km;9.03 km;11.57 km;9.25 km;9.99 km;12.23 km;14.14 km;14.13 km;13.41 km;11.24 km;8.89 km;7.7 km;6.49 km;14.16 km;14.93 km;9.29 km;8.85 km;9.26 km;9.28 km;8.12 km;6.79 km;8.37 km;6.62 km;8.77 km;9.34 km;12.02 km;12.36 km;10.64 km;11.48 km;10.34 km;13.09 km;6.81 km;6.91 km;15.48 km;15.48 km;15.18 km;16.37 km;16.73 km;16.54 km;16.26 km;14.15 km;3.67 km;2.95 km;2.81 km;2.32 km;1.89 km;1.3 km;1.88 km;1.67 km;3.89 km;5.2 km;2.54 km;4.83 km;3.61 km;2.64 km;0.0 km;2.06 km;2.53 km;3.41 km;4.17 km;4.5 km;2.1 km;3.34 km;6.48 km;6.15 km;7.6 km;7.62 km;8.11 km;10.68 km;11.56 km;9.99 km;9.15 km;8.8 km;11.03 km;9.46 km;8.41 km;8.14 km;9.31 km;6.88 km;
13.02 km;11.37 km;11.4 km;10.7 km;13.41 km;10.81 km;11.45 km;14.0 km;16.08 km;16.05 km;15.41 km;13.29 km;10.89 km;9.66 km;8.38 km;16.19 km;16.95 km;10.05 km;9.46 km;9.68 km;9.59 km;8.84 km;7.36 km;8.88 km;7.06 km;8.94 km;10.73 km;13.18 km;13.39 km;11.68 km;12.68 km;11.43 km;13.94 km;7.86 km;7.65 km;17.13 km;17.11 km;16.87 km;17.92 km;18.33 km;18.05 km;17.8 km;15.83 km;4.61 km;3.96 km;3.82 km;4.1 km;3.33 km;2.23 km;2.55 km;2.22 km;4.13 km;5.57 km;4.59 km;6.89 km;5.66 km;4.68 km;2.06 km;0.0 km;1.06 km;1.59 km;2.11 km;2.47 km;4.06 km;5.39 km;8.52 km;8.12 km;9.54 km;9.55 km;10.03 km;12.7 km;13.61 km;12.04 km;11.2 km;10.81 km;13.08 km;11.45 km;10.36 km;10.01 km;11.17 km;8.67 km;
12.87 km;11.27 km;11.25 km;10.4 km;13.25 km;10.43 km;11.01 km;13.76 km;16.03 km;15.98 km;15.46 km;13.48 km;10.99 km;9.69 km;8.33 km;16.33 km;17.05 km;9.27 km;8.63 km;8.79 km;8.68 km;8.06 km;6.56 km;8.04 km;6.21 km;8.0 km;10.25 km;12.54 km;12.7 km;11.01 km;12.07 km;10.79 km;13.17 km;7.25 km;6.91 km;16.78 km;16.75 km;16.55 km;17.49 km;17.94 km;17.6 km;17.36 km;15.51 km;4.07 km;3.51 km;3.37 km;4.09 km;3.19 km;2.09 km;2.16 km;1.89 km;3.31 km;4.74 km;4.88 km;7.21 km;6.07 km;5.12 km;2.53 km;1.06 km;0.0 km;0.94 km;2.07 km;2.18 km;4.23 km;5.76 km;8.93 km;8.67 km;10.12 km;10.14 km;10.64 km;13.17 km;13.97 km;12.25 km;11.38 km;10.92 km;13.25 km;11.51 km;10.37 km;9.9 km;11.06 km;8.52 km;
